40473
52028
53524
27715
3375
32823
54688
35367
6005
58638
22105
2548
12689
11864
9379
54427
63914
59968
57773
35144
42419
32321
9466
18787
32358
30291
5822
57992
55683
36807
61000
26278
10253
14026
18104
35280
61746
30002
32939
52441
34267
46899
56609
29129
64761
63480
51311
62909
37439
51338
629
47424
55784
42868
16088
9939
49507
31565
15388
62788
63313
60975
40520
43801
56087
24588
30818
49132
21936
10891
64259
14897
10396
50767
17572
29156
5422
53212
38240
21863
21518
65050
58073
45921
54027
25931
58687
19742
37979
13430
37659
57132
59030
53259
45546
37782
26130
24489
44260
2254
18312
46785
34011
64560
7791
54308
4895
54553
35034
62488
26882
34945
7027
34627
9539
15000
56440
65266
45948
28393
12529
47461
36620
44448
34139
59049
34275
6277
14298
48378
16292
12810
30458
593
54696
61085
21038
54410
24620
19157
8731
47595
1808
61945
35683
44510
22804
50737
39004
57599
38353
16567
64036
54462
54436
62135
16680
61967
55407
57734
28092
37880
13474
57555
21449
6862
42692
25961
65167
8098
8203
61850
11226
28949
36702
13160
36453
36804
42289
6805
22100
55557
21148
39872
25230
9961
60352
62527
59106
7372
36278
8849
34553
39989
39302
57147
15951
30447
56090
52241
38620
42244
56299
19076
60460
22568
12485
38577
56464
50747
32646
27409
48895
33318
61568
47578
30619
35264
40502
33730
26527
43210
61754
45598
23864
37065
13223
12921
19865
43941
50129
40444
38067
40951
22328
5577
21412
8666
39177
61606
1661
44648
61847
33943
21661
25251
31121
2651
37319
13631
33688
65413
4744
27935
62527
55362
57862
31044
64278
31272
10881
4649
500
14308
43707
19613
41440
38976
25010
35672
41418
31913
34121
53957
59910
33147
18603
14962
39806
8182
43474
9532
14853
64653
50091
42209
59704
22226
8526
21411
58025
6283
32713
57102
34079
561
56414
7722
6050
51675
48636
33686
47718
12620
20364
62861
6940
34365
9846
714
42169
14242
54016
16404
52203
6559
34779
36600
15403
10887
2259
40768
27905
41931
32564
10839
10021
29792
64133
62993
52306
60721
1717
25505
36585
3574
29521
15411
58969
1861
53947
7867
24226
55419
23118
48736
49882
31553
13701
24301
43041
34078
29863
18626
36507
8256
64414
26757
25790
29026
1362
56380
58666
4090
21502
47092
27635
57731
13587
64468
54519
6054
24640
15550
17586
3232
2737
21413
26439
28862
31375
65215
27023
32891
172
30484
23763
33707
38940
54443
45871
32001
62170
47161
24335
62612
28728
6856
57252
2535
13238
42660
7543
16610
14699
26949
39076
45851
5707
38918
44377
49705
57135
8629
60859
2763
7942
47445
2545
382
35855
19328
62195
19005
23260
35693
49627
58501
17762
40803
6023
44239
4480
23141
46636
25516
7904
53839
54175
27327
9384
13049
20146
10075
15812
10284
32557
35748
62364
5573
44597
40988
31810
5999
32616
8885
34687
44104
16556
60413
65396
20082
31610
59717
8724
36823
29891
8615
31511
48121
62560
38412
1528
18163
37179
26617
12211
21616
28436
49705
29838
31167
24030
38682
59650
11693
23413
42754
27403
33399
50982
65109
25526
13137
1432
33359
40301
27434
47823
20522
35578
9745
10854
63502
35656
40483
15081
42099
61249
53382
15282
23598
20397
2726
3124
63107
45371
23622
64312
26654
64159
17425
29638
33686
56606
31333
55077
33427
55253
11634
12113
62468
56189
41641
24087
27204
956
6170
12943
18442
11880
1286
13255
50774
5372
55257
48019
5912
10895
59699
10926
55746
28147
13265
65315
52982
48548
8298
35445
22778
65251
18195
1348
17977
39991
56740
5617
11133
57033
55428
19871
9164
25271
49381
5879
46389
9763
28067
31351
21394
20081
8810
37212
7629
58378
57408
36928
65118
13475
45767
49625
61008
56176
35645
20261
16840
18173
21840
14508
18365
62321
46808
51965
12955
1577
45647
13113
59254
60141
51503
44418
35558
31808
24305
21244
10401
60655
58350
32210
49899
31278
41182
29575
13284
6295
1107
57215
14957
7293
50159
11371
39198
60537
28424
64193
34351
19713
45170
32574
41210
51905
11642
9864
60296
20574
61678
19748
48777
30835
42655
31879
37485
44908
40544
29318
43826
36777
59750
13938
64610
62934
47697
53987
57778
22952
4920
37637
56596
53408
22100
12763
24315
27418
22850
34971
34726
4175
35005
29168
51734
43487
40831
47705
49645
62448
38555
46230
26234
6443
13473
64577
62750
60213
60256
57989
32359
58875
15976
12720
25006
44899
28325
22134
17708
45830
40445
30991
12915
11214
35069
49073
35719
4277
38995
26317
2350
12311
45268
54553
620
25296
23231
35033
58652
20331
43191
7336
13027
13029
34864
35645
4671
41339
45198
56939
50143
5018
22471
7565
9828
21225
52134
21902
8488
50790
29102
10310
61229
5213
58768
21762
6339
19056
41850
63580
39580
32906
4143
57522
36461
55430
47465
50822
20961
33481
19847
44922
63266
38257
18004
26387
62577
41245
22554
9529
59571
61711
59423
65098
40869
52669
42220
6072
44010
15877
41726
19627
13666
3454
27253
40005
27086
2789
16869
34193
8848
53685
53285
12079
16103
11041
18150
43527
15452
23915
35381
49550
14771
11056
55909
4303
43409
61189
3563
40199
2976
8354
21597
7152
29562
45224
15003
39016
65068
25640
28444
6998
34853
41738
52208
52046
36895
51387
61241
827
44525
53113
10849
51782
63719
20583
37024
60545
9899
3890
14029
30725
45716
13427
21757
19497
34556
40820
32424
41901
5366
21461
58340
28296
37982
35536
56883
65338
65250
49215
35196
2552
54072
43428
63144
29850
33956
12075
33927
44048
52212
40141
1628
33534
40205
35245
49422
23470
62664
44794
41260
6496
53438
45828
53535
2406
39901
64038
32715
22114
398
58140
61757
20236
9182
34848
7366
45299
31283
40837
10898
36472
25391
26177
7745
20573
39049
29330
12538
46785
64591
52626
39890
50608
36639
64924
28523
54908
5162
37401
10240
60330
60649
59555
53596
10445
57680
1298
9528
28048
54329
32459
15412
31308
11625
22327
22099
22681
3168
31847
22487
39444
2130
20848
51954
9943
25504
45200
14810
2678
39604
60292
16464
58835
10566
39305
49922
19499
15373
57764
53076
30257
57877
4185
778
60928
44663
60143
18669
25881
47973
28011
49881
596
43170
39999
61984
35654
43922
19732
27039
47842
42199
21477
26951
28905
41122
16473
52619
45747
16874
50215
24149
28866
38980
